{
 "cells": [
  {
   "cell_type": "code",
   "execution_count": null,
   "id": "6e983143",
   "metadata": {},
   "outputs": [],
   "source": [
    "import sys\n",
    "!\"{sys.executable}\" -m pip install numpy matplotlib"
   ]
  },
  {
   "cell_type": "code",
   "execution_count": 35,
   "id": "b6911794",
   "metadata": {},
   "outputs": [],
   "source": [
    "import numpy as np\n",
    "\n",
    "file = \"pima-indians-diabetes.data.csv\"\n",
    "data = np.loadtxt(file, delimiter=\",\")"
   ]
  },
  {
   "cell_type": "code",
   "execution_count": 36,
   "id": "6a4d9a28",
   "metadata": {},
   "outputs": [
    {
     "name": "stdout",
     "output_type": "stream",
     "text": [
      "First 5\n",
      "[[  6.    148.     72.     35.      0.     33.6     0.627  50.      1.   ]\n",
      " [  1.     85.     66.     29.      0.     26.6     0.351  31.      0.   ]\n",
      " [  8.    183.     64.      0.      0.     23.3     0.672  32.      1.   ]\n",
      " [  1.     89.     66.     23.     94.     28.1     0.167  21.      0.   ]\n",
      " [  0.    137.     40.     35.    168.     43.1     2.288  33.      1.   ]]\n"
     ]
    }
   ],
   "source": [
    "print(\"First 5\")\n",
    "\n",
    "print(data[:5])"
   ]
  },
  {
   "cell_type": "code",
   "execution_count": 37,
   "id": "99964960",
   "metadata": {},
   "outputs": [
    {
     "name": "stdout",
     "output_type": "stream",
     "text": [
      "Correlation Matrix\n",
      "[[ 1.     0.129  0.141 -0.082 -0.074  0.018 -0.034  0.544  0.222]\n",
      " [ 0.129  1.     0.153  0.057  0.331  0.221  0.137  0.264  0.467]\n",
      " [ 0.141  0.153  1.     0.207  0.089  0.282  0.041  0.24   0.065]\n",
      " [-0.082  0.057  0.207  1.     0.437  0.393  0.184 -0.114  0.075]\n",
      " [-0.074  0.331  0.089  0.437  1.     0.198  0.185 -0.042  0.131]\n",
      " [ 0.018  0.221  0.282  0.393  0.198  1.     0.141  0.036  0.293]\n",
      " [-0.034  0.137  0.041  0.184  0.185  0.141  1.     0.034  0.174]\n",
      " [ 0.544  0.264  0.24  -0.114 -0.042  0.036  0.034  1.     0.238]\n",
      " [ 0.222  0.467  0.065  0.075  0.131  0.293  0.174  0.238  1.   ]]\n"
     ]
    }
   ],
   "source": [
    "correlation = np.corrcoef(data, rowvar=False)\n",
    "np.set_printoptions(precision=3, suppress=True)\n",
    "print(\"Correlation Matrix\")\n",
    "print(correlation)"
   ]
  },
  {
   "cell_type": "code",
   "execution_count": 39,
   "id": "62d647d1",
   "metadata": {},
   "outputs": [
    {
     "name": "stdout",
     "output_type": "stream",
     "text": [
      "first 5 scaled samples\n",
      "[[0.353 0.744 0.59  0.354 0.    0.501 0.234 0.483 1.   ]\n",
      " [0.059 0.427 0.541 0.293 0.    0.396 0.117 0.167 0.   ]\n",
      " [0.471 0.92  0.525 0.    0.    0.347 0.254 0.183 1.   ]\n",
      " [0.059 0.447 0.541 0.232 0.111 0.419 0.038 0.    0.   ]\n",
      " [0.    0.688 0.328 0.354 0.199 0.642 0.944 0.2   1.   ]]\n"
     ]
    }
   ],
   "source": [
    "min_data = np.min(data, axis=0)\n",
    "max_data = np.max(data, axis=0)\n",
    "\n",
    "scaled_data = (data - min_data) / (max_data - min_data)\n",
    "np.set_printoptions(precision=3, suppress=True)\n",
    "\n",
    "print(\"first 5 scaled samples\")\n",
    "print(scaled_data[:5])"
   ]
  },
  {
   "cell_type": "code",
   "execution_count": 40,
   "id": "348bd2ff",
   "metadata": {},
   "outputs": [
    {
     "name": "stdout",
     "output_type": "stream",
     "text": [
      "Correlation matrix of rescaled data:\n",
      "[[ 1.     0.129  0.141 -0.082 -0.074  0.018 -0.034  0.544  0.222]\n",
      " [ 0.129  1.     0.153  0.057  0.331  0.221  0.137  0.264  0.467]\n",
      " [ 0.141  0.153  1.     0.207  0.089  0.282  0.041  0.24   0.065]\n",
      " [-0.082  0.057  0.207  1.     0.437  0.393  0.184 -0.114  0.075]\n",
      " [-0.074  0.331  0.089  0.437  1.     0.198  0.185 -0.042  0.131]\n",
      " [ 0.018  0.221  0.282  0.393  0.198  1.     0.141  0.036  0.293]\n",
      " [-0.034  0.137  0.041  0.184  0.185  0.141  1.     0.034  0.174]\n",
      " [ 0.544  0.264  0.24  -0.114 -0.042  0.036  0.034  1.     0.238]\n",
      " [ 0.222  0.467  0.065  0.075  0.131  0.293  0.174  0.238  1.   ]]\n"
     ]
    }
   ],
   "source": [
    "scaled_corr = np.corrcoef(scaled_data, rowvar=False)\n",
    "np.set_printoptions(precision=3, suppress=True)\n",
    "print(\"Correlation matrix of rescaled data:\")\n",
    "print(scaled_corr)"
   ]
  },
  {
   "cell_type": "code",
   "execution_count": null,
   "id": "42b61244",
   "metadata": {},
   "outputs": [],
   "source": []
  }
 ],
 "metadata": {
  "kernelspec": {
   "display_name": "Python 3",
   "language": "python",
   "name": "python3"
  },
  "language_info": {
   "codemirror_mode": {
    "name": "ipython",
    "version": 3
   },
   "file_extension": ".py",
   "mimetype": "text/x-python",
   "name": "python",
   "nbconvert_exporter": "python",
   "pygments_lexer": "ipython3",
   "version": "3.9.13"
  }
 },
 "nbformat": 4,
 "nbformat_minor": 5
}
